00000000000000000000000000
00000000000000000000000000
00000000000000000000000000
00010000000000000000000000
00000000000000000000000000
00000000000000011000000000
00000000000000000000000000
00000000000000000000000000
00000000001100000000000000
00000000000000000000000000
00000110000000000000000000
00000000000000000000000000
00000000000000000000000000
00000000000000000000000000
00000000000000000000000000
00000000000000001100000000
00000000000000001000000000
00000000000000001100000000
00000000000000000000000000
00000000000000000000000000
00000011000000000000000000
00000000000000000000000000
