00000000000000000000000000
00000000000000001000000000
000e0000001000000000000000
00000000000000000010000000
00000000000100000000000000
00000000000000000000000000
00100000000000000000000000
00000000000000000100000000
00000000011000000000000000
00010000000000000000000000
00000000000010000000000000
00000000000001000000000000
00000000000100000000000000
00100000000000000000000000
00000000030x02000000000000
00000000000000000100000000
00000000000100000000000000
00010000000000000000000000
00000000000000001000000000
00000000010000000000000000
00000000000000000000000000
00000000000000000000000000
